function y=Alkylation2(x)
% Adjiman, C. S., Dallwig, S., Floudas, C. A., & Neumaier, A. (1998). 
% A global optimization method, ?BB, for general twice-differentiable 
% constrained NLPs — I. Theoretical advances. Computers & Chemical 
% Engineering, 22(9), 1137–1158. doi:10.1016/s0098-1354(98)00027-1 
% LimInf =[1500, 1, 3000, 85, 90, 3, 145]
% LimSup = [2000, 120, 3500, 93, 95, 12, 162]
C(1)=0.0059553571*x(1)*x(6)^2+0.88392857*x(3)-0.1175625*x(1)*x(6)-x(1);
C(2)=1.1088*x(1)+0.1303533*x(1)*x(6)-0.0066033*x(1)*x(6)^2-x(3);
C(3)=6.66173269*x(6)^2+172.39878*x(5)-56.596669*x(4)-191.20592*x(6)-10000;
C(4)=1.08702*x(6)+0.32175*x(4)-0.03762*x(6)^2-x(5)+56.85075;
C(5)=0.006198*x(7)*x(4)*x(3)+2462.3121*x(2)-25.125634*x(2)*x(4)-x(3)*x(4);
C(6)=161.18996*x(3)*x(4)+5000*x(2)*x(4)-489510*x(2)-x(3)*x(4)*x(7);
C(7)=0.33*x(7)-x(5)+44.333333;
C(8)=0.022556*x(5)-0.007595*x(7)-1;
C(9)=0.00061*x(3)-0.0005*x(1)-1;
C(10)=0.819672*x(1)-x(3)+0.819672;
C(11)=24500*x(2)-250*x(2)*x(4)-x(3)*x(4);
C(12)=1020.4082*x(4)*x(2)+1.2244898*x(3)*x(4)-100000*x(2);
C(13)=6.25*x(1)*x(6)+6.25*x(1)-7.625*x(3)-100000;
C(14)=1.22*x(3)-x(6)*x(1)-x(1) +1;
MaxProfit=1.715*x(1)+0.035*x(1)*x(6)+4.0565*x(3)+10*x(2)-0.063*x(3)*x(5);
%  C
y=MaxProfit+10000*sum((C>0).*C);
end
